Brandenburg Berlin Baden-Württemberg Bayern Bremen Hessen Hamburg Mecklenburg-Vorpommern Niedersachsen Nordrhein-Westfalen Rheinland-Pfalz Saarland Schleswig-Holstein Sachsen Thüringen 
4 1 7 50 48 3 12 3 4 7 115 7 1 2 1 1 
5 1 13 73 70 3 14 5 4 18 181 8 1 7 1 1 
6 2 19 96 117 4 16 11 5 18 329 10 2 7 2 1 
7 2 28 170 134 4 17 13 5 19 373 13 3 8 4 2 
8 4 40 182 172 4 19 13 8 21 398 19 9 7 4 2 
9 6 48 204 256 4 26 17 10 38 484 17 6 9 12 2 
10 9 48 237 314 4 35 29 13 49 484 25 7 9 22 4 
11 24 90 277 366 21 48 48 17 75 484 25 14 27 26 10 
12 30 137 454 500 38 99 88 23 129 688 52 14 31 45 14 
13 44 174 454 558 42 148 99 33 230 936 102 40 48 83 29 
14 61 216 569 681 50 203 158 45 253 1154 121 40 60 93 46 
15 84 265 827 886 53 286 162 50 287 1407 168 32 103 130 51 
16 94 300 1105 1067 56 342 260 51 391 1541 325 85 123 140 55 
17 73 345 1479 1109 57 373 310 45 325 2105 442 75 127 182 51 
